681
792,53.1827
697
792,53.1827
711
916,56.676
726
932,56.9716
741
800,49.5764
756
800,49.5764
770
736,44.9119
785
564,38.0552
800
564,38.0552
814
296,22.4404
829
224,17.6424
844
236,18.8315
859
236,18.8315
873
64,5.10752
888
164,14.8578
903
-220,-9.65507
918
-220,-9.65507
932
-20,-1.15274
946
16,0.881346
961
16,0.881346
975
-72,-3.94104
990
-160,-8.96883
1005
-144,-7.57184
1021
-144,-7.57184
1035
-16,-0.70295
1050
-4,-0.16869
1065
-4,-0.16869
1079
-100,-4.37786
1094
-96,-4.11566
1109
-132,-4.79722
1124
-132,-4.79722
1138
-44,-1.45772
1154
12,0.430215
1168
-104,-3.56843
1183
-104,-3.56843
1203
-136,-4.24117
1222
-72,-2.36592
1237
-12,-0.412065
1252
-12,-0.412065
1266
-32,-1.12119
1281
-48,-1.78089
1296
-52,-2.00569
1311
-52,-2.00569
1326
-32,-1.2808
1341
4,0.168935
1356
4,0.168935
1370
4,0.186881
1385
-20,-1.03297
1400
-8,-0.435446
1415
-8,-0.435446
1430
-4,-0.230983
1445
-4,-0.266444
1460
4,0.309541
1476
4,0.309541
1490
52,3.641
1504
96,6.90904
1519
96,6.90904
1533
92,7.5282
1548
-4,-0.346328
1563
-12,-0.976396
1578
-12,-0.976396
1593
28,2.17868
1608
16,1.12103
1623
-8,-0.538781
1638
-8,-0.538781
1652
-8,-0.512691
1667
16,0.923438
1682
16,0.923438
1697
-4,-0.218645
1711
-36,-1.7085
1726
-72,-3.3115
1745
-88,-3.86209
1759
-88,-3.86209
1774
-24,-0.927817
1789
-28,-1.10375
1804
-28,-1.10375
1819
-88,-3.25883
1834
-116,-4.14615
1849
-152,-5.54771
1864
-152,-5.54771
1879
-144,-5.16283
1894
-96,-3.36782
1909
-108,-3.89924
1924
-108,-3.89924
1939
-164,-6.29532
1954
-164,-6.54193
1969
-124,-4.98379
1984
-124,-4.98379
1998
-112,-4.65568
2013
-128,-5.72142
2029
-128,-5.72142
2043
-148,-6.9532
2057
-128,-6.18599
2073
-92,-4.90879
2088
-92,-4.90879
2102
-100,-5.8198
2117
-120,-7.2795
2132
-128,-8.17873
2148
-128,-8.17873
2162
-104,-6.68277
2177
-80,-5.23914
2192
-80,-5.24149
2207
-80,-5.65181
2222
-100,-7.51471
2236
-112,-8.15601
2252
-112,-8.15601
2269
-92,-6.50204
2285
-76,-5.28478
2300
-76,-5.12694
2315
-100,-6.74241
2330
-100,-6.74241
2344
-100,-6.64707
2359
-96,-5.73398
2375
-96,-5.73398
2389
-72,-3.99049
2404
-88,-4.62599
2419
-108,-5.45408
2434
-108,-5.45408
2448
-108,-5.05979
2463
-76,-3.36511
2479
-88,-3.66466
2494
-88,-3.66466
2508
-116,-4.67968
2523
-104,-4.17681
2538
-104,-4.17681
2552
-80,-3.11871
2567
-80,-3.01792
2582
-88,-3.31676
2597
-88,-3.31676
2612
-76,-2.83136
2626
-64,-2.39825
2642
-48,-1.88223
2656
-48,-1.88223
2671
-48,-1.95649
2686
-56,-2.34697
2701
-56,-2.34697
2715
-48,-2.11707
2736
-36,-1.66552
2751
-24,-1.15199
2766
-24,-1.15199
2780
-20,-1.03329
2799
-24,-1.30531
2813
-4,-0.230489
2829
-4,-0.230489
2843
28,1.68746
2858
24,1.51897
2873
-12,-0.863417
2888
-12,-0.863417
2903
-8,-0.565909
2918
16,1.10169
2933
20,1.3896
2947
20,1.3896
2961
12,0.839614
2976
4,0.271028
2991
4,0.271028
3006
0,0.0
3020
0,0.0
3033
0,0.0
3046
-16,-1.0253
3061
-24,-1.40597
3077
-24,-1.35052
3092
-24,-1.35052
3106
4,0.213254
3121
-20,-1.05081
3136
-36,-1.81106
3151
-36,-1.81106
3165
-64,-2.77294
3180
-108,-4.43864
3196
-108,-4.43864
3210
-76,-2.92094
3225
-84,-3.1696
3240
-120,-4.79086
3256
-120,-4.79086
3270
-124,-5.08745
3285
-100,-4.05398
3300
-88,-3.3803
3318
-88,-3.3803
3332
-120,-4.73879
3348
-144,-6.06511
3363
-128,-5.59965
3378
-128,-5.59965
3392
-92,-4.13491
3407
-96,-4.47628
3422
-124,-5.8954
3437
-124,-5.8954
3452
-128,-6.36551
3467
-100,-5.34575
3482
-100,-5.34575
3496
-84,-4.70713
3511
-108,-6.04723
3527
-104,-6.09062
3542
-104,-6.09062
3556
-92,-5.54849
3571
-80,-5.15763
3586
-84,-5.59266
3601
-84,-5.59266
3615
-108,-7.11747
3631
-96,-6.413
3645
-80,-5.13913
3661
-80,-5.13913
3675
-76,-5.06442
3690
-84,-5.543
3705
-84,-5.543
3719
-104,-6.38118
3734
-92,-5.51038
3748
-84,-4.97281
3764
-84,-4.97281
3778
-84,-5.05485
3793
-100,-5.72307
3808
-104,-5.95038
3823
-104,-5.65808
3840
-92,-4.68828
3856
-92,-4.46489
3871
-84,-3.90571
3886
-84,-3.90571
3900
-76,-3.40959
3916
-72,-3.1264
3931
-92,-3.88605
3945
-92,-3.88605
3960
-100,-4.26776
3975
-64,-2.67143
3990
-64,-2.67143
4004
-48,-1.92622
4020
-56,-2.30952
4035
-64,-2.67607
4050
-64,-2.67607
4064
-44,-1.8365
4079
-24,-1.03865
4094
-24,-1.09005
4109
-24,-1.09005
4123
-48,-2.28391
4138
-48,-2.35782
4153
-48,-2.35782
4167
-20,-1.02501
4183
-8,-0.429693
4198
-16,-0.893641
4213
-16,-0.893641
4227
-24,-1.42467
4242
-8,-0.501887
4257
0,0.0
4271
0,0.0
4284
-8,-0.512691
4299
12,0.794498
4315
12,0.794498
4329
0,0.0
4343
-8,-0.549073
4361
-8,-0.547211
4377
-8,-0.547211
4391
-4,-0.256721
4406
4,0.256494
4421
-8,-0.490493
4437
-8,-0.490493
4451
-20,-1.18593
4466
-24,-1.2664
4481
-32,-1.74484
4496
-32,-1.74484
4510
-60,-3.06317
4526
-40,-1.93008
4540
-40,-1.93008
4555
-28,-1.34613
4569
-72,-3.42446
4585
-88,-3.98361
4599
-88,-3.98361
4614
-64,-2.8449
4629
-60,-2.58613
4644
-100,-4.26776
4659
-100,-4.26776
4673
-124,-5.36977
4688
-84,-3.70602
4703
-84,-3.70602
4718
-64,-2.85229
4733
-88,-4.00051
4748
-120,-5.55159
4763
-120,-5.55159
4777
-112,-5.26588
4792
-72,-3.46041
4807
-80,-4.00708
4823
-80,-4.00708
4837
-116,-5.94677
4852
-104,-5.51528
4867
-104,-5.51528
4885
-88,-4.79303
4900
-96,-5.36748
4915
-96,-5.56325
4930
-76,-4.46446
4945
-76,-4.46446
4959
-84,-5.03379
4974
-96,-5.94771
4989
-96,-5.94771
5003
-100,-6.27608
5018
-88,-5.45646
5033
-80,-4.98335
5048
-80,-4.98335
5062
-80,-4.96061
5078
-96,-5.81789
5093
-80,-4.87772
5108
-80,-4.87772
5122
-68,-3.9004
5137
-84,-4.8482
5152
-84,-4.8482
5166
-104,-5.91472
5181
-76,-4.20381
5196
-64,-3.47328
5212
-64,-3.47328
5226
-80,-4.20159
5241
-84,-4.24227
5256
-84,-4.15943
5271
-84,-4.15943
5286
-64,-3.16976
5301
-68,-3.3519
5322
-76,-3.74517
5337
-76,-3.69462
5351
-72,-3.41397
5366
-56,-2.68181
5381
-56,-2.68181
5395
-56,-2.67072
5414
-56,-2.6031
5428
-52,-2.38056
5443
-52,-2.38056
5458
-44,-2.03817
5473
-44,-2.03317
5488
-40,-1.93704
5503
-40,-1.93704
5517
-32,-1.62325
5533
-32,-1.64562
5548
-32,-1.64562
5563
-32,-1.64562
5577
-36,-1.88364
5593
-12,-0.649381
5608
-12,-0.683861
5623
-12,-0.683861
5638
-16,-0.934044
5653
-20,-1.18559
5668
-20,-1.18707
5683
-8,-0.478848
5697
-4,-0.241444
5713
-16,-0.956694
5728
-16,-0.956694
5742
-32,-1.91286
5757
-24,-1.47346
5774
-16,-0.93045
5789
-16,-0.93045
5803
-32,-1.84039
5818
-20,-1.15842
5834
-4,-0.22665
5849
-4,-0.22665
5863
-24,-1.34033
5878
-56,-3.06313
5893
-56,-2.98034
5908
-56,-2.98034
5923
-28,-1.46849
5941
-24,-1.2231
5956
-72,-3.56401
5971
-72,-3.56401
5985
-84,-4.14065
6000
-60,-2.85253
6015
-60,-2.85253
6029
-48,-2.25834
6044
-76,-3.60596
6059
-104,-4.96897
6074
-104,-4.96897
6088
-72,-3.44455
6103
-64,-3.09432
6118
-88,-4.36424
6133
-88,-4.36424
6147
-104,-5.4534
6162
-80,-4.22598
6177
-80,-4.22598
6192
-64,-3.27681
6206
-92,-4.9978
6222
-100,-5.51099
6237
-100,-5.51099
6251
-72,-3.98421
6266
-68,-3.67926
6282
-100,-5.5823
6297
-100,-5.5823
6311
-92,-5.39059
6326
-68,-3.78163
6341
-68,-3.78163
6355
-64,-3.57242
6370
-84,-4.80962
6386
-84,-5.04006
6401
-84,-5.04006
6415
-124,-7.32968
6431
-64,-3.6884
6446
-80,-4.40124
6464
-88,-4.87503
6479
-88,-4.87503
6494
-72,-4.11265
6509
-64,-3.76455
6524
-64,-3.76455
6539
-104,-6.33051
6554
-76,-4.72677
6568
-36,-2.07552
6584
-36,-2.07552
6598
-40,-2.25163
6613
-100,-5.88193
6628
-120,-6.8621
6643
-120,-6.8621
6657
-56,-3.17893
6672
-24,-1.33413
6687
-24,-1.33413
6702
-60,-3.20151
6717
-96,-5.12605
6732
-76,-4.05183
6747
-76,-4.05183
6761
-44,-2.36476
6776
-44,-2.37913
6792
-64,-3.34608
6807
-64,-3.34608
6821
-92,-4.39831
6836
-48,-2.37963
6851
-36,-1.84557
6866
-36,-1.84557
6880
-24,-1.08336
6896
-64,-3.06892
6911
-64,-3.06892
6925
-68,-3.33209
6940
-32,-1.58314
6955
0,0.0
6969
0,0.0
6986
-24,-1.31267
7001
-56,-3.07741
7016
-32,-1.80014
7031
-32,-1.80014
7045
0,0.0
7059
-4,-0.231618
7075
-4,-0.231618
7088
-44,-2.47653
7104
-40,-2.3026
7118
-16,-0.921882
7134
-16,-0.921882
7148
-12,-0.712796
7164
-44,-2.75344
7178
-44,-2.7482
7194
-44,-2.7482
7208
-28,-1.71387
7222
-24,-1.47706
7238
-24,-1.47923
7253
-28,-1.71829
7267
-56,-3.32808
7282
-64,-3.68173
7297
-64,-3.68173
7311
-44,-2.53898
7326
-28,-1.54633
7341
-36,-1.89696
7357
-36,-1.89696
7371
-72,-3.95286
7386
-76,-4.02799
7401
-76,-4.02799
7415
-36,-1.95429
7430
-20,-1.0876
7445
-76,-4.11223
7460
-76,-4.11223
7474
-444,-20.7549
7490
-376,-17.5252
7508
-348,-18.2855
7523
-236,-12.611
7538
-236,-12.9898
7553
-56,-3.18241
7568
16,0.689702
7583
16,0.689702
7597
268,16.1538
7612
208,9.46365
7627
44,2.2902
7642
44,2.2902
7656
-56,-3.2707
7671
-76,-4.11829
7685
-76,-4.11829
7700
-24,-1.40032
7714
-876,-35.5011
7730
-20,-1.41067
7745
-20,-1.41067
7759
104,5.90203
7774
336,18.8023
7789
-40,-2.09163
7804
-40,-2.09163
7818
-152,-8.02439
7833
-96,-4.94855
7848
-96,-4.94855
7862
16,0.965474
7878
40,2.20945
7893
0,0.0
7907
0,0.0
7920
-260,-13.6429
7935
0,0.0
7949
0,0.0
7961
-48,-2.63832
7977
44,2.42028
7991
44,2.42028
8006
16,1.0076
8024
-100,-6.2282
8039
0,0.0
8053
0,0.0
8067
320,18.9224
8081
164,8.64912
8096
-188,-10.4795
8111
-188,-10.4795
8126
-188,-9.05081
8141
496,25.3042
8156
12,0.608128
8171
12,0.608128
8185
252,14.8094
8200
236,14.1546
8215
236,14.1546
8230
8,0.500659
8245
84,5.21346
8260
252,14.5576
8275
252,14.5576
8289
316,17.8987
8304
380,20.7159
8319
220,12.3586
8334
220,12.3586
8348
292,17.6313
